TITLE	TOCNF_ID6
DATA TYPE	
ORIGIN	JASCO
OWNER	
DATE	25/05/28
TIME	13:07:44
SPECTROMETER/DATA SYSTEM	JASCO Corp., J-810, Rev. 1.00
RESOLUTION	
DELTAX	-0.5
XUNITS	NANOMETERS
YUNITS	CD[mdeg]
Y2UNITS	HT[V]
FIRSTX	330.0000
LASTX	220.0000
NPOINTS	221
FIRSTY	0.44993
MAXY	15.82231
MINY	-7.56476
XYDATA
330.0000	0.449928	243.916
329.5000	0.454074	243.97
329.0000	0.445359	244.022
328.5000	0.425127	244.073
328.0000	0.417484	244.124
327.5000	0.405838	244.172
327.0000	0.413402	244.213
326.5000	0.426474	244.251
326.0000	0.423563	244.279
325.5000	0.421119	244.305
325.0000	0.419631	244.331
324.5000	0.421653	244.363
324.0000	0.429293	244.401
323.5000	0.432611	244.444
323.0000	0.444027	244.496
322.5000	0.46073	244.548
322.0000	0.456141	244.608
321.5000	0.462052	244.668
321.0000	0.44695	244.732
320.5000	0.445398	244.804
320.0000	0.432207	244.882
319.5000	0.435787	244.965
319.0000	0.427653	245.053
318.5000	0.429334	245.146
318.0000	0.445447	245.235
317.5000	0.433005	245.313
317.0000	0.424606	245.385
316.5000	0.402747	245.446
316.0000	0.385297	245.503
315.5000	0.391047	245.555
315.0000	0.402482	245.609
314.5000	0.414002	245.669
314.0000	0.414618	245.73
313.5000	0.40882	245.804
313.0000	0.401558	245.888
312.5000	0.389156	245.978
312.0000	0.37214	246.074
311.5000	0.36457	246.176
311.0000	0.340348	246.286
310.5000	0.368439	246.408
310.0000	0.373797	246.539
309.5000	0.364001	246.684
309.0000	0.375332	246.841
308.5000	0.385226	247.011
308.0000	0.414034	247.191
307.5000	0.410341	247.382
307.0000	0.437828	247.579
306.5000	0.45175	247.786
306.0000	0.475549	248.007
305.5000	0.506057	248.247
305.0000	0.521857	248.504
304.5000	0.545756	248.782
304.0000	0.570981	249.085
303.5000	0.563818	249.413
303.0000	0.595393	249.766
302.5000	0.613395	250.149
302.0000	0.614439	250.558
301.5000	0.62702	251
301.0000	0.643372	251.476
300.5000	0.646276	251.988
300.0000	0.665904	252.536
299.5000	0.693469	253.123
299.0000	0.711974	253.751
298.5000	0.718031	254.421
298.0000	0.742032	255.133
297.5000	0.747112	255.89
297.0000	0.768753	256.691
296.5000	0.771229	257.539
296.0000	0.785265	258.43
295.5000	0.801248	259.368
295.0000	0.816877	260.344
294.5000	0.838653	261.352
294.0000	0.855463	262.392
293.5000	0.868841	263.472
293.0000	0.900826	264.607
292.5000	0.96553	265.8
292.0000	1.05124	267.05
291.5000	1.10971	268.352
291.0000	1.20808	269.699
290.5000	1.27201	271.083
290.0000	1.36558	272.505
289.5000	1.4676	273.963
289.0000	1.57119	275.459
288.5000	1.6913	276.991
288.0000	1.79148	278.569
287.5000	1.87492	280.186
287.0000	2.02186	281.839
286.5000	2.1669	283.513
286.0000	2.29124	285.193
285.5000	2.41681	286.877
285.0000	2.55317	288.566
284.5000	2.68594	290.264
284.0000	2.86735	291.973
283.5000	3.0166	293.695
283.0000	3.19523	295.428
282.5000	3.39871	297.166
282.0000	3.58752	298.915
281.5000	3.80889	300.671
281.0000	4.09265	302.433
280.5000	4.38418	304.202
280.0000	4.63745	305.975
279.5000	4.95051	307.752
279.0000	5.22722	309.535
278.5000	5.57841	311.326
278.0000	5.90455	313.121
277.5000	6.22288	314.92
277.0000	6.58497	316.724
276.5000	6.99371	318.528
276.0000	7.4173	320.337
275.5000	7.84176	322.142
275.0000	8.26829	323.948
274.5000	8.68513	325.758
274.0000	9.10194	327.57
273.5000	9.53137	329.386
273.0000	9.9237	331.209
272.5000	10.3813	333.034
272.0000	10.824	334.868
271.5000	11.2696	336.713
271.0000	11.7436	338.576
270.5000	12.237	340.453
270.0000	12.729	342.35
269.5000	13.1902	344.265
269.0000	13.6083	346.203
268.5000	13.9836	348.163
268.0000	14.3685	350.147
267.5000	14.6998	352.155
267.0000	14.9654	354.184
266.5000	15.2827	356.236
266.0000	15.4914	358.309
265.5000	15.6375	360.397
265.0000	15.7491	362.494
264.5000	15.7905	364.597
264.0000	15.8223	366.696
263.5000	15.6745	368.79
263.0000	15.4968	370.87
262.5000	15.3116	372.93
262.0000	15.0907	374.959
261.5000	14.7884	376.946
261.0000	14.3615	378.873
260.5000	13.9422	380.732
260.0000	13.4974	382.505
259.5000	13.0116	384.185
259.0000	12.458	385.758
258.5000	11.799	387.215
258.0000	11.1224	388.548
257.5000	10.3838	389.748
257.0000	9.68064	390.811
256.5000	8.95522	391.73
256.0000	8.11256	392.501
255.5000	7.19215	393.122
255.0000	6.32805	393.596
254.5000	5.44286	393.921
254.0000	4.60495	394.103
253.5000	3.68393	394.143
253.0000	2.77902	394.043
252.5000	1.77232	393.804
252.0000	0.915913	393.428
251.5000	0.103049	392.915
251.0000	-0.719557	392.27
250.5000	-1.62303	391.492
250.0000	-2.48972	390.592
249.5000	-3.18309	389.573
249.0000	-3.81644	388.444
248.5000	-4.42633	387.204
248.0000	-5.07493	385.867
247.5000	-5.50545	384.433
247.0000	-5.95338	382.916
246.5000	-6.37183	381.325
246.0000	-6.72238	379.673
245.5000	-6.95805	377.971
245.0000	-7.19462	376.231
244.5000	-7.35934	374.468
244.0000	-7.45735	372.694
243.5000	-7.4914	370.918
243.0000	-7.554	369.149
242.5000	-7.56476	367.395
242.0000	-7.52798	365.669
241.5000	-7.38285	363.977
241.0000	-7.26052	362.324
240.5000	-7.16066	360.719
240.0000	-7.01225	359.169
239.5000	-6.78771	357.682
239.0000	-6.55307	356.262
238.5000	-6.3442	354.916
238.0000	-6.13742	353.648
237.5000	-5.83827	352.46
237.0000	-5.57595	351.356
236.5000	-5.3054	350.341
236.0000	-4.9938	349.415
235.5000	-4.74058	348.579
235.0000	-4.42638	347.838
234.5000	-4.15227	347.198
234.0000	-3.81381	346.661
233.5000	-3.47469	346.225
233.0000	-3.20251	345.892
232.5000	-2.917	345.661
232.0000	-2.65614	345.541
231.5000	-2.43504	345.534
231.0000	-2.15295	345.644
230.5000	-1.90475	345.871
230.0000	-1.66456	346.215
229.5000	-1.45197	346.679
229.0000	-1.16346	347.267
228.5000	-0.893747	347.981
228.0000	-0.658047	348.826
227.5000	-0.500138	349.801
227.0000	-0.359845	350.92
226.5000	-0.16947	352.19
226.0000	0.0850906	353.615
225.5000	0.359333	355.203
225.0000	0.674024	356.952
224.5000	0.969391	358.87
224.0000	1.18948	360.967
223.5000	1.43096	363.257
223.0000	1.74547	365.745
222.5000	2.03433	368.441
222.0000	2.37696	371.352
221.5000	2.6443	374.48
221.0000	2.97968	377.834
220.5000	3.40476	381.41
220.0000	3.81274	385.211
