TITLE	TOCNF_ID6
DATA TYPE	
ORIGIN	JASCO
OWNER	
DATE	25/05/28
TIME	13:26:14
SPECTROMETER/DATA SYSTEM	JASCO Corp., J-810, Rev. 1.00
RESOLUTION	
DELTAX	-0.5
XUNITS	NANOMETERS
YUNITS	CD[mdeg]
Y2UNITS	HT[V]
FIRSTX	330.0000
LASTX	220.0000
NPOINTS	221
FIRSTY	0.35643
MAXY	4.19137
MINY	-2.88785
XYDATA
330.0000	0.356426	243.971
329.5000	0.364644	244.024
329.0000	0.397843	244.078
328.5000	0.416523	244.128
328.0000	0.426258	244.18
327.5000	0.411712	244.229
327.0000	0.418102	244.272
326.5000	0.4186	244.31
326.0000	0.417204	244.34
325.5000	0.416674	244.365
325.0000	0.408359	244.392
324.5000	0.422144	244.423
324.0000	0.436242	244.462
323.5000	0.44493	244.507
323.0000	0.455354	244.559
322.5000	0.453806	244.613
322.0000	0.442367	244.673
321.5000	0.423868	244.734
321.0000	0.425188	244.798
320.5000	0.448273	244.869
320.0000	0.454472	244.947
319.5000	0.457332	245.031
319.0000	0.458504	245.118
318.5000	0.465746	245.212
318.0000	0.457338	245.299
317.5000	0.438997	245.376
317.0000	0.438119	245.447
316.5000	0.420143	245.507
316.0000	0.422419	245.563
315.5000	0.404806	245.614
315.0000	0.409165	245.666
314.5000	0.421555	245.723
314.0000	0.413461	245.782
313.5000	0.394743	245.853
313.0000	0.408849	245.934
312.5000	0.400088	246.023
312.0000	0.39901	246.113
311.5000	0.410263	246.212
311.0000	0.391772	246.317
310.5000	0.385502	246.431
310.0000	0.408124	246.556
309.5000	0.409818	246.692
309.0000	0.427734	246.839
308.5000	0.440682	246.997
308.0000	0.436685	247.165
307.5000	0.469112	247.342
307.0000	0.471276	247.524
306.5000	0.501605	247.713
306.0000	0.488784	247.913
305.5000	0.510186	248.129
305.0000	0.535676	248.362
304.5000	0.563773	248.615
304.0000	0.584093	248.891
303.5000	0.591319	249.189
303.0000	0.597522	249.509
302.5000	0.602284	249.858
302.0000	0.615187	250.234
301.5000	0.632017	250.642
301.0000	0.624042	251.082
300.5000	0.627988	251.559
300.0000	0.610356	252.071
299.5000	0.629408	252.623
299.0000	0.65001	253.218
298.5000	0.653242	253.857
298.0000	0.660012	254.54
297.5000	0.671914	255.271
297.0000	0.659505	256.052
296.5000	0.684835	256.885
296.0000	0.724533	257.768
295.5000	0.735624	258.7
295.0000	0.746205	259.68
294.5000	0.78051	260.699
294.0000	0.82701	261.76
293.5000	0.85827	262.87
293.0000	0.884933	264.044
292.5000	0.915801	265.284
292.0000	0.950011	266.589
291.5000	0.9754	267.956
291.0000	1.02784	269.374
290.5000	1.08815	270.838
290.0000	1.13874	272.347
289.5000	1.16657	273.897
289.0000	1.21589	275.491
288.5000	1.27493	277.127
288.0000	1.31158	278.809
287.5000	1.36117	280.534
287.0000	1.38137	282.292
286.5000	1.42432	284.07
286.0000	1.45192	285.856
285.5000	1.50304	287.646
285.0000	1.54043	289.437
284.5000	1.56915	291.231
284.0000	1.60326	293.037
283.5000	1.64728	294.851
283.0000	1.66087	296.674
282.5000	1.71816	298.498
282.0000	1.72837	300.329
281.5000	1.74277	302.161
281.0000	1.80384	304.001
280.5000	1.8562	305.846
280.0000	1.92603	307.696
279.5000	1.97966	309.552
279.0000	2.05096	311.41
278.5000	2.14216	313.273
278.0000	2.19277	315.14
277.5000	2.27486	317.012
277.0000	2.33628	318.888
276.5000	2.45283	320.765
276.0000	2.53188	322.643
275.5000	2.59762	324.521
275.0000	2.72992	326.398
274.5000	2.80241	328.275
274.0000	2.85472	330.151
273.5000	2.8886	332.026
273.0000	2.9917	333.899
272.5000	3.06313	335.771
272.0000	3.08333	337.648
271.5000	3.15441	339.534
271.0000	3.20986	341.428
270.5000	3.26701	343.327
270.0000	3.31533	345.235
269.5000	3.38882	347.158
269.0000	3.47031	349.094
268.5000	3.58726	351.045
268.0000	3.62981	353.015
267.5000	3.71472	355
267.0000	3.7854	357.004
266.5000	3.88952	359.033
266.0000	3.931	361.083
265.5000	4.03554	363.152
265.0000	4.03745	365.236
264.5000	4.03162	367.334
264.0000	4.08663	369.445
263.5000	4.14109	371.568
263.0000	4.19137	373.695
262.5000	4.10307	375.82
262.0000	4.04298	377.931
261.5000	3.99267	380.016
261.0000	3.93672	382.063
260.5000	3.90099	384.057
260.0000	3.76336	385.978
259.5000	3.55731	387.812
259.0000	3.41026	389.545
258.5000	3.29715	391.166
258.0000	3.21036	392.661
257.5000	3.06329	394.023
257.0000	2.82665	395.236
256.5000	2.54864	396.296
256.0000	2.34701	397.201
255.5000	2.0762	397.948
255.0000	1.83702	398.542
254.5000	1.50715	398.982
254.0000	1.28392	399.272
253.5000	0.957956	399.415
253.0000	0.765207	399.417
252.5000	0.551054	399.279
252.0000	0.292273	399.001
251.5000	0.0503963	398.586
251.0000	-0.301717	398.036
250.5000	-0.623753	397.353
250.0000	-0.840754	396.541
249.5000	-1.10642	395.607
249.0000	-1.36921	394.553
248.5000	-1.57539	393.383
248.0000	-1.73437	392.098
247.5000	-1.89995	390.706
247.0000	-2.05741	389.216
246.5000	-2.201	387.638
246.0000	-2.44919	385.984
245.5000	-2.64629	384.268
245.0000	-2.77654	382.5
244.5000	-2.83491	380.698
244.0000	-2.83447	378.869
243.5000	-2.88785	377.028
243.0000	-2.86179	375.185
242.5000	-2.84632	373.349
242.0000	-2.76273	371.527
241.5000	-2.75308	369.732
241.0000	-2.72343	367.971
240.5000	-2.72045	366.248
240.0000	-2.64822	364.577
239.5000	-2.55473	362.959
239.0000	-2.47416	361.404
238.5000	-2.36063	359.918
238.0000	-2.34098	358.502
237.5000	-2.21808	357.163
237.0000	-2.15269	355.908
236.5000	-2.06777	354.734
236.0000	-1.96907	353.648
235.5000	-1.84793	352.65
235.0000	-1.76653	351.749
234.5000	-1.57236	350.947
234.0000	-1.40874	350.25
233.5000	-1.27059	349.656
233.0000	-1.08353	349.164
232.5000	-0.926408	348.781
232.0000	-0.746312	348.508
231.5000	-0.628617	348.353
231.0000	-0.454848	348.32
230.5000	-0.276295	348.406
230.0000	-0.0715477	348.616
229.5000	0.0928329	348.948
229.0000	0.290094	349.408
228.5000	0.47021	349.996
228.0000	0.601502	350.723
227.5000	0.744073	351.587
227.0000	0.899669	352.601
226.5000	1.17388	353.768
226.0000	1.33226	355.096
225.5000	1.45441	356.592
225.0000	1.69483	358.262
224.5000	1.88983	360.107
224.0000	2.17092	362.138
223.5000	2.33467	364.366
223.0000	2.53826	366.805
222.5000	2.73185	369.461
222.0000	2.95242	372.342
221.5000	3.20513	375.457
221.0000	3.45602	378.804
220.5000	3.72958	382.383
220.0000	3.89288	386.201
