TITLE	TOCNF_ID6
DATA TYPE	
ORIGIN	JASCO
OWNER	
DATE	25/05/28
TIME	11:53:03
SPECTROMETER/DATA SYSTEM	JASCO Corp., J-810, Rev. 1.00
RESOLUTION	
DELTAX	-0.5
XUNITS	NANOMETERS
YUNITS	CD[mdeg]
Y2UNITS	HT[V]
FIRSTX	330.0000
LASTX	220.0000
NPOINTS	221
FIRSTY	0.60287
MAXY	38.43730
MINY	-17.66183
XYDATA
330.0000	0.602872	243.567
329.5000	0.604657	243.62
329.0000	0.612619	243.674
328.5000	0.606096	243.725
328.0000	0.603664	243.776
327.5000	0.624653	243.825
327.0000	0.614808	243.868
326.5000	0.60725	243.904
326.0000	0.611581	243.934
325.5000	0.622462	243.959
325.0000	0.638952	243.986
324.5000	0.619658	244.016
324.0000	0.615335	244.054
323.5000	0.629943	244.099
323.0000	0.622571	244.151
322.5000	0.605104	244.206
322.0000	0.604254	244.265
321.5000	0.600883	244.325
321.0000	0.564707	244.39
320.5000	0.544729	244.461
320.0000	0.547758	244.539
319.5000	0.55649	244.622
319.0000	0.552654	244.708
318.5000	0.562612	244.801
318.0000	0.576402	244.888
317.5000	0.567358	244.965
317.0000	0.543816	245.034
316.5000	0.5492	245.091
316.0000	0.551645	245.144
315.5000	0.576543	245.194
315.0000	0.571471	245.247
314.5000	0.571016	245.301
314.0000	0.571215	245.36
313.5000	0.551913	245.43
313.0000	0.531539	245.514
312.5000	0.523573	245.604
312.0000	0.510573	245.698
311.5000	0.518166	245.799
311.0000	0.526615	245.909
310.5000	0.5417	246.034
310.0000	0.549873	246.168
309.5000	0.559182	246.318
309.0000	0.552464	246.481
308.5000	0.563108	246.659
308.0000	0.58109	246.849
307.5000	0.598643	247.054
307.0000	0.616517	247.268
306.5000	0.640067	247.494
306.0000	0.649711	247.738
305.5000	0.665686	248.003
305.0000	0.697078	248.289
304.5000	0.73485	248.604
304.0000	0.768772	248.947
303.5000	0.793952	249.319
303.0000	0.819793	249.722
302.5000	0.850656	250.158
302.0000	0.884216	250.628
301.5000	0.902189	251.133
301.0000	0.938272	251.676
300.5000	0.964537	252.257
300.0000	0.993641	252.875
299.5000	1.02229	253.535
299.0000	1.04101	254.236
298.5000	1.05524	254.98
298.0000	1.03389	255.762
297.5000	1.01985	256.584
297.0000	1.01711	257.445
296.5000	1.03065	258.346
296.0000	1.04601	259.286
295.5000	1.01724	260.261
295.0000	1.02919	261.26
294.5000	1.01669	262.278
294.0000	1.02015	263.319
293.5000	1.01907	264.385
293.0000	1.086	265.491
292.5000	1.17021	266.638
292.0000	1.26089	267.826
291.5000	1.39199	269.053
291.0000	1.4881	270.309
290.5000	1.64161	271.593
290.0000	1.82552	272.903
289.5000	2.00165	274.237
289.0000	2.22601	275.599
288.5000	2.49819	276.997
288.0000	2.77175	278.433
287.5000	3.06844	279.91
287.0000	3.39536	281.423
286.5000	3.73153	282.958
286.0000	4.04959	284.503
285.5000	4.40236	286.061
285.0000	4.77051	287.63
284.5000	5.19656	289.217
284.0000	5.65605	290.825
283.5000	6.09817	292.45
283.0000	6.56359	294.093
282.5000	7.06494	295.751
282.0000	7.63637	297.425
281.5000	8.22135	299.112
281.0000	8.85246	300.811
280.5000	9.55726	302.517
280.0000	10.2686	304.231
279.5000	10.9924	305.951
279.0000	11.8133	307.675
278.5000	12.6643	309.405
278.0000	13.5378	311.135
277.5000	14.4411	312.865
277.0000	15.38	314.6
276.5000	16.4045	316.337
276.0000	17.4192	318.075
275.5000	18.4068	319.813
275.0000	19.4103	321.548
274.5000	20.4922	323.288
274.0000	21.556	325.036
273.5000	22.6297	326.791
273.0000	23.7401	328.558
272.5000	24.8233	330.339
272.0000	25.9471	332.137
271.5000	27.0427	333.962
271.0000	28.1568	335.816
270.5000	29.2791	337.697
270.0000	30.3904	339.615
269.5000	31.4795	341.567
269.0000	32.5243	343.561
268.5000	33.5711	345.597
268.0000	34.5018	347.675
267.5000	35.3801	349.789
267.0000	36.2217	351.939
266.5000	36.9505	354.117
266.0000	37.5606	356.319
265.5000	38.0209	358.533
265.0000	38.3125	360.748
264.5000	38.4373	362.95
264.0000	38.3208	365.128
263.5000	38.0931	367.272
263.0000	37.7116	369.367
262.5000	37.1796	371.403
262.0000	36.4428	373.37
261.5000	35.5404	375.253
261.0000	34.4496	377.041
260.5000	33.1796	378.721
260.0000	31.7827	380.291
259.5000	30.2866	381.741
259.0000	28.5917	383.07
258.5000	26.8417	384.27
258.0000	25.1372	385.346
257.5000	23.3418	386.296
257.0000	21.4083	387.113
256.5000	19.4571	387.802
256.0000	17.3695	388.352
255.5000	15.1801	388.765
255.0000	13.0243	389.041
254.5000	10.8272	389.179
254.0000	8.67979	389.177
253.5000	6.48893	389.034
253.0000	4.38249	388.749
252.5000	2.30235	388.32
252.0000	0.311897	387.745
251.5000	-1.71039	387.025
251.0000	-3.61885	386.164
250.5000	-5.40642	385.166
250.0000	-7.16685	384.043
249.5000	-8.84831	382.806
249.0000	-10.2677	381.46
248.5000	-11.5714	380.015
248.0000	-12.7368	378.482
247.5000	-13.8307	376.869
247.0000	-14.6868	375.193
246.5000	-15.4319	373.463
246.0000	-16.0194	371.697
245.5000	-16.5173	369.906
245.0000	-16.9848	368.103
244.5000	-17.277	366.302
244.0000	-17.5286	364.51
243.5000	-17.6618	362.736
243.0000	-17.6052	360.989
242.5000	-17.4867	359.279
242.0000	-17.3137	357.611
241.5000	-17.0374	355.994
241.0000	-16.5953	354.436
240.5000	-16.2557	352.941
240.0000	-15.8268	351.517
239.5000	-15.3425	350.169
239.0000	-14.8071	348.902
238.5000	-14.2462	347.722
238.0000	-13.6032	346.63
237.5000	-12.9499	345.63
237.0000	-12.3199	344.724
236.5000	-11.6077	343.914
236.0000	-10.9848	343.198
235.5000	-10.3339	342.58
235.0000	-9.75986	342.062
234.5000	-9.16905	341.645
234.0000	-8.50719	341.336
233.5000	-7.83988	341.127
233.0000	-7.28056	341.022
232.5000	-6.7445	341.02
232.0000	-6.18899	341.127
231.5000	-5.66121	341.345
231.0000	-5.16408	341.679
230.5000	-4.63371	342.126
230.0000	-4.20524	342.688
229.5000	-3.73847	343.366
229.0000	-3.33965	344.163
228.5000	-2.89201	345.081
228.0000	-2.47595	346.127
227.5000	-2.17982	347.299
227.0000	-1.86868	348.609
226.5000	-1.58084	350.061
226.0000	-1.27358	351.664
225.5000	-0.973528	353.417
225.0000	-0.702097	355.324
224.5000	-0.546499	357.391
224.0000	-0.350883	359.624
223.5000	-0.104599	362.035
223.0000	0.0803883	364.633
222.5000	0.341255	367.423
222.0000	0.652956	370.413
221.5000	0.939658	373.606
221.0000	1.26221	377.003
220.5000	1.60509	380.604
220.0000	1.96759	384.405
