TITLE	TOCNF_ID6
DATA TYPE	
ORIGIN	JASCO
OWNER	
DATE	25/05/28
TIME	12:10:19
SPECTROMETER/DATA SYSTEM	JASCO Corp., J-810, Rev. 1.00
RESOLUTION	
DELTAX	-0.5
XUNITS	NANOMETERS
YUNITS	CD[mdeg]
Y2UNITS	HT[V]
FIRSTX	330.0000
LASTX	220.0000
NPOINTS	221
FIRSTY	0.47367
MAXY	37.94369
MINY	-17.35997
XYDATA
330.0000	0.473675	243.66
329.5000	0.476797	243.716
329.0000	0.480524	243.769
328.5000	0.466812	243.821
328.0000	0.471372	243.872
327.5000	0.472533	243.921
327.0000	0.464507	243.965
326.5000	0.473523	244.001
326.0000	0.491156	244.03
325.5000	0.499115	244.054
325.0000	0.508778	244.08
324.5000	0.514062	244.109
324.0000	0.52485	244.148
323.5000	0.530984	244.192
323.0000	0.539571	244.245
322.5000	0.535727	244.297
322.0000	0.530067	244.356
321.5000	0.538513	244.417
321.0000	0.528665	244.482
320.5000	0.5305	244.554
320.0000	0.541332	244.632
319.5000	0.52776	244.716
319.0000	0.513305	244.803
318.5000	0.501772	244.896
318.0000	0.493887	244.985
317.5000	0.480042	245.063
317.0000	0.480523	245.132
316.5000	0.475178	245.19
316.0000	0.443895	245.247
315.5000	0.472018	245.299
315.0000	0.458958	245.353
314.5000	0.464778	245.411
314.0000	0.459804	245.471
313.5000	0.44899	245.544
313.0000	0.465616	245.627
312.5000	0.468653	245.719
312.0000	0.455914	245.817
311.5000	0.470313	245.922
311.0000	0.458491	246.035
310.5000	0.466031	246.162
310.0000	0.477824	246.3
309.5000	0.47721	246.454
309.0000	0.488127	246.62
308.5000	0.509011	246.801
308.0000	0.529724	246.995
307.5000	0.553451	247.204
307.0000	0.55157	247.424
306.5000	0.575842	247.655
306.0000	0.596403	247.902
305.5000	0.633097	248.174
305.0000	0.656382	248.466
304.5000	0.695409	248.786
304.0000	0.726464	249.132
303.5000	0.765001	249.51
303.0000	0.822812	249.918
302.5000	0.860274	250.36
302.0000	0.891604	250.834
301.5000	0.911587	251.345
301.0000	0.944559	251.891
300.5000	0.968148	252.477
300.0000	0.978052	253.099
299.5000	0.987242	253.764
299.0000	0.968443	254.468
298.5000	0.989538	255.213
298.0000	0.967522	255.995
297.5000	0.947231	256.82
297.0000	0.907342	257.686
296.5000	0.87863	258.589
296.0000	0.848807	259.53
295.5000	0.837452	260.506
295.0000	0.848645	261.506
294.5000	0.844677	262.527
294.0000	0.893275	263.569
293.5000	0.933905	264.638
293.0000	0.981976	265.745
292.5000	1.04433	266.894
292.0000	1.135	268.086
291.5000	1.24568	269.318
291.0000	1.38355	270.579
290.5000	1.54525	271.866
290.0000	1.72486	273.179
289.5000	1.9448	274.518
289.0000	2.16725	275.886
288.5000	2.41367	277.291
288.0000	2.70395	278.735
287.5000	2.99023	280.218
287.0000	3.26624	281.735
286.5000	3.59773	283.276
286.0000	3.98155	284.829
285.5000	4.358	286.393
285.0000	4.7268	287.967
284.5000	5.14381	289.557
284.0000	5.58005	291.169
283.5000	6.06107	292.798
283.0000	6.55375	294.447
282.5000	7.06266	296.109
282.0000	7.55426	297.785
281.5000	8.08334	299.473
281.0000	8.67717	301.174
280.5000	9.36744	302.884
280.0000	10.0617	304.601
279.5000	10.7478	306.323
279.0000	11.5022	308.048
278.5000	12.3229	309.781
278.0000	13.2083	311.517
277.5000	14.1059	313.254
277.0000	15.0166	314.996
276.5000	15.9333	316.74
276.0000	16.9122	318.483
275.5000	17.9498	320.23
275.0000	19.0587	321.977
274.5000	20.1437	323.727
274.0000	21.1717	325.485
273.5000	22.2773	327.25
273.0000	23.3823	329.029
272.5000	24.5309	330.823
272.0000	25.6274	332.634
271.5000	26.7631	334.469
271.0000	27.8829	336.331
270.5000	28.9853	338.221
270.0000	30.0653	340.148
269.5000	31.1452	342.112
269.0000	32.2003	344.114
268.5000	33.164	346.154
268.0000	34.123	348.236
267.5000	34.9565	350.352
267.0000	35.7408	352.501
266.5000	36.41	354.677
266.0000	37.0209	356.876
265.5000	37.5531	359.083
265.0000	37.8256	361.29
264.5000	37.9437	363.485
264.0000	37.942	365.656
263.5000	37.776	367.791
263.0000	37.4104	369.875
262.5000	36.8846	371.901
262.0000	36.1096	373.857
261.5000	35.2087	375.728
261.0000	34.1367	377.506
260.5000	32.9702	379.18
260.0000	31.6216	380.741
259.5000	30.0871	382.182
259.0000	28.4419	383.503
258.5000	26.7493	384.698
258.0000	25.0296	385.764
257.5000	23.1251	386.702
257.0000	21.1611	387.508
256.5000	19.0823	388.18
256.0000	17.0861	388.716
255.5000	15.0482	389.112
255.0000	12.9406	389.375
254.5000	10.8276	389.495
254.0000	8.72143	389.477
253.5000	6.53212	389.316
253.0000	4.39491	389.014
252.5000	2.29766	388.568
252.0000	0.322678	387.977
251.5000	-1.6117	387.243
251.0000	-3.53907	386.37
250.5000	-5.33912	385.362
250.0000	-6.97971	384.232
249.5000	-8.57232	382.987
249.0000	-9.97771	381.636
248.5000	-11.3297	380.188
248.0000	-12.5544	378.651
247.5000	-13.6224	377.039
247.0000	-14.4188	375.363
246.5000	-15.165	373.635
246.0000	-15.757	371.87
245.5000	-16.3583	370.082
245.0000	-16.7614	368.281
244.5000	-17.0552	366.482
244.0000	-17.283	364.694
243.5000	-17.36	362.923
243.0000	-17.3188	361.181
242.5000	-17.2906	359.474
242.0000	-17.0745	357.81
241.5000	-16.7844	356.197
241.0000	-16.4605	354.642
240.5000	-16.1222	353.151
240.0000	-15.6925	351.731
239.5000	-15.1683	350.387
239.0000	-14.6083	349.124
238.5000	-14.0706	347.945
238.0000	-13.4819	346.857
237.5000	-12.8589	345.861
237.0000	-12.1755	344.959
236.5000	-11.5606	344.151
236.0000	-10.9724	343.439
235.5000	-10.3693	342.823
235.0000	-9.76092	342.308
234.5000	-9.19607	341.895
234.0000	-8.59912	341.588
233.5000	-7.9984	341.384
233.0000	-7.39649	341.282
232.5000	-6.82436	341.285
232.0000	-6.26704	341.396
231.5000	-5.79181	341.62
231.0000	-5.28758	341.957
230.5000	-4.8162	342.41
230.0000	-4.36517	342.978
229.5000	-3.85865	343.662
229.0000	-3.4377	344.467
228.5000	-3.04793	345.393
228.0000	-2.59643	346.446
227.5000	-2.24812	347.627
227.0000	-1.93432	348.947
226.5000	-1.63992	350.41
226.0000	-1.39841	352.024
225.5000	-1.14096	353.791
225.0000	-0.873884	355.716
224.5000	-0.661884	357.801
224.0000	-0.436257	360.053
223.5000	-0.133631	362.485
223.0000	0.151214	365.108
222.5000	0.388705	367.927
222.0000	0.646756	370.947
221.5000	0.952487	374.172
221.0000	1.29468	377.605
220.5000	1.6829	381.246
220.0000	2.13161	385.094
